6482
5091
5034
5598
5771
1145
9639
8405
3181
4506
7374
8312
5752
8571
9758
7425
8740
5810
1884
5249
3340
9222
8921
4435
2254
9916
7200
6206
6189
7758
8493
8850
4239
4971
5415
5961
3372
7177
3412
7048
9960
1898
5091
7214
4772
1347
2113
4281
3891
7110
1691
3638
1014
4283
4490
8208
6598
4675
3565
2736
3713
1746
3040
5976
3935
2348
4904
7177
6569
5759
9474
4266
4743
6503
3439
1897
6904
6855
1337
6152
9293
5890
5315
7383
8183
1422
1945
2657
4501
5480
1559
9448
8318
1305
1197
2923
3367
9132
5214
1056
9090