10110100111101111000111110100 2
1DC6350C 16
10001100010110111110100100001 2
106743436 8
168165550 10
721436091 10
2B7A1092 16
946617102 10
985800286 10
655733929 10
10101011011000100111001011 2
6366514553 8
110101111110011100100001010011 2
110010010010110110100101011111 2
110010101010000010011100101000 2
352607704 8
F3221A7 16
861290122 10
56004314 8
10AF946C 16
110010101000111011100110010101 2
879516154 10
5016455641 8
110000111011110101111010110001 2
110000100001100110111001011101 2
10010100111001011001101101011 2
3714526167 8
47166289 10
110111011000011000110100111111 2
3700627067 8
203463104 10
1111011000111001010000100100 2
290642274 10
2738F8FF 16
6278941 10
31170619 16
5235001520 8
55563819 10
624494323 10
6002413474 8
383937639 10
100011011001101010010011010 2
83A9A91 16
3152332225 8
111000100010111101100111010011 2
4132264116 8
3310744627 8
101101010101110011010111100110 2
317167694 10
675534405 8
100100011011010011100111100101 2
729973947 10
3B11DC54 16
2767321364 8
4465147336 8
101101001000110010111000011010 2
309775679 10
1372604604 8
445490359 10
384858746 10
11001101111110111101011011111 2
791028811 10
100011000011101111110000010111 2
3151261412 8
4313051314 8
449660318 10
4723172441 8
598137323 10
111000000100100001101100001001 2
E547F7 16
528797267 10
15B274E3 16
101101110010100001001101001010 2
32B7435 16
76881808 10
181779459 10
101100110100010110010010110101 2
22235283 16
2A7C6B8D 16
532152604 10
2116763450 8
457452848 10
264074B2 16
1111000111011111100111001000 2
52A359 16
258533602 10
638497387 10
24CB404A 16
11111011010111010110010010110 2
10000101001111010010100001111 2
617733088 10
2B06B3B4 16
A3B220E 16
A067548 16
111101011100010011011110111 2
3625AF4A 16
3116432476 8
5746336274 8
173EA8E8 16
5644223743 8
4176023122 8
401268121 10
657701611 10
1101101011000000010111110001 2
2DDDFFE4 16
16D5226D 16
7060402072 8
14CF0DA0 16
30EA8527 16
11000010010000010010010001111 2
247661219 10
111000110011111000011000010111 2
1000010001111100100100111000 2
100011101010010100010100111001 2
11100100111101001111110001 2
6756177413 8
321534732 10
3766010C 16
12E2BF7C 16
100110101001111011111100100000 2
100100011011111100011100110000 2
1D8BC34F 16
35E229D2 16
983558485 10
175258026 10
562126939 10
6725435765 8
81120674 10
25B54EB7 16
305093527 10
561185383 10
391277988 10
30B57173 16
2EE64F96 16
881760216 10
178649514 10
784451193 10
EFBC580 16
100110110111100011111110010111 2
1A9CFCE8 16
3A9CD053 16
110101101100010110100010010 2
22A4FC66 16
979693114 10
881857259 10
6354336612 8
7FDA27D 16
110001011000101011110110101001 2
10011110010010110010100110 2
1110100110101010010000111110 2
2F3D9B4D 16
111010111011111011010100110001 2
972419847 10
3645FBD4 16
11067EB7 16
DF773D1 16
392987529 10
1000011111111110101100100101 2
550554741 8
13810215 16
1256201571 8
8998A8 16
4703272353 8
3161929 10
501557195 10
1275045152 8
4560311362 8
1225054275 8
6426777157 8
1939CFDB 16
11001110101000000011010011000 2
388F3ED7 16
2360160253 8
110111001110000001101100110010 2
6711167321 8
100011011000111000111111111010 2
100111111101010100111111101110 2
10111010000000010010011001011 2
11100010010001010001100111000 2
716011710 8
11010010100110101110000111110 2
10111010101010010100100011011 2
15FC10C3 16
6271120246 8
5660727442 8
15DBDB49 16
4E7809B 16
604843864 10
110110110110110100111010000000 2
101010110000101000001101000 2
101111101010010100000000000111 2
437132157 8
4221617221 8
320B4D81 16
3404265773 8
357014131 8
5240270137 8
923797910 10
7175445612 8
2232362444 8
684402457 10
570603275 8
CD51DD1 16
1266115414 8
857572386 10
3657351547 8
3905D167 16
11D9CF81 16
151AFBB3 16
7300372356 8
2856D8E4 16
4817163 16
1D783EC6 16
1542177532 8
138293835 10
861370806 10
3566026747 8
3A940657 16
204075152 8
4643667337 8
613621240 10
2789EAE2 16
703368004 10
B0D665B 16
4147212463 8
45667210 8
676275466 10
201090E0 16
20B6481B 16
17E2CFB4 16
6376030042 8
974461910 10
519053304 10
7DC23A2 16
3955272B 16
25B09494 16
101001011101101110000111011100 2
5552013710 8
503155969 10
100110111010110111111111100111 2
390783324 10
5424052276 8
6004521121 8
2A5E3634 16
838734303 10
3F67B82 16
3722144404 8
12040E00 16
33F33473 16
3A5E5767 16
2A2F61A0 16
2E3422EA 16
231865655 10
825EE56 16
5272062122 8
3142C84F 16
744160253 10
111011010101101111001101001000 2
110001100100011100101011100 2
1DC15537 16
3745D31B 16
110001011010110010011011000111 2
100101101010000011100001101101 2
1535031153 8
11000100101101010001010001101 2
101111011000010011001100101011 2
5133371304 8
5043456335 8
288851078 10
219510440 10
763028924 10
86131632 10
10010111111001110110010101101 2
110000111100001001001011111000 2
110101111111110010111110011000 2
428986289 10
751234515 8
10111010111101010000100011110 2
101011011100111100110011110010 2
11001100110000111000000011000 2
10001001001111111000110101001 2
16085050 16
10111110101011101011010110000 2
37D0FC03 16
4617553151 8
6620227545 8
297EE628 16
441460463 10
102534770 10
110111111000111111011110001110 2
111000101100011110011111001011 2
3B3AA5B 16
51566703 10
110101010111000011010011001001 2
537390429 10
3273045763 8
640859966 10
34AEF3B8 16
1318B0E2 16
4032306122 8
101001010011101001101000100111 2
1733366041 8
608059150 10
209684893 10
735563073 10
3113534366 8
7026500306 8
110011111100001011110111100110 2
111010011110001110111001011110 2
7FB71FC 16
10011111110010000100111110100 2
297B2AB 16
527657763 8
75543526 10
442317727 8
100010001010100111011000010011 2
841789742 10
857079825 10
731213044 8
1469DB2B 16
195087606 10
3131254241 8
5AB6471 16
1E7BCC8F 16
AA1C620 16
684D665 16
923680426 10
6134010533 8
1B577A3C 16
609361783 10
2E3C6BCD 16
4511614347 8
2F881F13 16
365737601 10
10000001100010100001010000000 2
10000000100111001011000110010 2
733558789 10
5045103015 8
2647146741 8
136763660 8
101111011010101101000110001001 2
52606144 8
821148768 10
3ABADF9A 16
100110011111011111010001001100 2
633220833 10
1E60A2D6 16
100000100110110111011011000110 2
110101001010111000101011100111 2
511676519 10
522175067 8
7206257623 8
155529683 10
525369619 10
153766606 10
24C3FA3B 16
5626111165 8
107566289 10
111010101110110000000100011000 2
124563435 8
985507305 10
111000001000111111110111010 2
313199218 10
10010110011110100001111001010 2
6025356100 8
965694553 10
176526431 8
962277573 10
832515594 10
4144415703 8
163551203 8
111010111101011000011011100101 2
100101011010011110111100100011 2
240493327 10
1A9D387C 16
5757037534 8
930359399 10
631946141 10
10010101001101000010111010011 2
1A4367F8 16
405674945 10
154345598 10
4135612343 8
695438551 10
6772501455 8
306DD6A0 16
6715001714 8
307783567 10
3387492A 16
102781871 10
110101010001100110111011101100 2
100101100110000001110100001110 2
19096C08 16
5432505574 8
2AEC68D 16
101000001001011011110010000000 2
2573037B 16
2AA0A3C1 16
1001110000011000111100111101 2
11111100100100000100110100 2
10111001101010000110101110101 2
113552180 10
2FFCF6AF 16
11011100010000111100100011011 2
354028030 10
164334433 8
388286795 10
2ECCCAEE 16
185769070 10
273771174 8
110010011110101011110010101001 2
101011101100001110011110110011 2
100001000011000001000111000010 2
100010110100011110000101010011 2
101011000010111110100101010 2
2F8C9D3 16
2625126761 8
110101110100101000010100101000 2
DABF41A 16
BD786F5 16
10011001000111001001010011110 2
258604036 10
11000011010100111010010010111 2
100110000101100111000001001 2
2444DFD4 16
72C086D 16
1133564172 8
101101111101110111101100101010 2
317893036 10
258997858 10
7075740747 8
411085059 10
73892841 10
395319700 10
6531027552 8
20844140 16
111000111010000110100110110011 2
2F70E8E2 16
11111110111111101100100100111 2
10001100111101111100001011011 2
733126479 10
E219DEC 16
524076436 8
2337057350 8
3417572155 8
10000011010011001110101001111 2
275512404 10
A3A874F 16
2725124473 8
363330367 8
11000111000011010000100101101 2
8C6292D 16
33D0975C 16
110010101100011100001000101111 2
744266851 10
111000010001110101101000010101 2
4715700112 8
100100110110111111100011101111 2
994133891 10
30D3B69B 16
276172662 8
1501535160 8
100010001000100011010001000100 2
34202B03 16
2B221D8F 16
3A81C099 16
110100011110011100101101011100 2
10011111000000100001110100110 2
311789818 10
110010011000010110101100100101 2
10010101011110100111101100000 2
1111110000000101111110100110 2
1111001100101010101000111 2
2723E8FF 16
3211027273 8
405501011 10
101111101000110000001100100100 2
346DB0C 16
6144454667 8
870184653 10
110111111001110001000000000 2
2C421113 16
6575426124 8
5130670650 8
10000010110110001100101101110 2
10010110001100100001000110101 2
5104216300 8
2161635675 8
10000011001100110000011101111 2
11010010100001001001011010000 2
6275754640 8
224AA4D1 16
6236775752 8
4256722147 8
879274231 10
47134115 8
418981073 10
3B89C74B 16
535902673 10
986857782 10
259994698 10
5740303654 8
735987231 10
111000011010011110001001101001 2
40585412 10
673199360 10
705613266 10
2263435524 8
2135412233 8
192210390 10
2AC9361A 16
101111000111101100010111000101 2
179392391 10
318741531 10
14799435 16
1366513465 8
5674410623 8
14E7623E 16
772746077 8
6610344114 8
257EF1BE 16
2A848579 16
413951880 10
757891985 10
33EEF3CC 16
2737142247 8
189621013 10
4001476013 8
236095147 10
2625150236 8
399CF555 16
33E12D0E 16
575003213 8
266304474 10
11001011000000001101001110111 2
4737213625 8
561291738 10
909232034 10
298653082 10
101001010110011010110011010011 2
1111000101001111110000011010 2
3211C427 16
2467260671 8
263956B5 16
E704FEB 16
100010010111110100001000101011 2
741469049 10
95B845E 16
16128129 16
2338C7E5 16
6051403573 8
113830702 10
7200577646 8
971992150 10
37419DA9 16
110011111001001100101111010 2
100000011100111100010010111001 2
1347267436 8
211C3065 16
445354307 10
75D9F6B 16
11011000111011110111011000100 2
1727170142 8
101010111101011001010011111 2
4422757675 8
819327318 10
1216BBF4 16
110111010000010001100011110011 2
1101110100110001111101111001 2
3514547031 8
7340621571 8
1110010101010110011111001100 2
2667A2 16
6412154301 8
1101100100011111100101001100 2
538011100 10
3626174322 8
32133882 16
110101111000110010001011011101 2
2365673075 8
806532606 10
496522801 10
69FE27D 16
2701361055 8
13EC9005 16
77134507 8
CB85141 16
7221513 10
3611550523 8
110001110011000110111000100101 2
1111466123 8
33406509 10
5262450100 8
204630D9 16
2BE19C64 16
100000010100100011111010000110 2
101111111011010010100010111101 2
253095820 10
11001011000111001111111110011 2
199596801 10
101110111100101101000110010011 2
2877D2FC 16
72122031 10
10001010111000000111111100001 2
2014236376 8
36DA581C 16
10111010101010110101001011010 2
3100571322 8
101000111000101001100111100011 2
5224223377 8
B8AAAFF 16
4164436112 8
F121CDB 16
172314400 8
107308470 10
612729614 10
2E089A97 16
100111101010111111110101001101 2
239AD21F 16
200683307 10
821768573 10
DCA511B 16
895782230 10
F7E3157 16
2174241370 8
196860965 10
5436636372 8
14F5F29E 16
237C6486 16
4174735442 8
255660435 8
7054004634 8
1535224201 8
131944653 10
72561783 10
5332040670 8
2463274200 8
101001011011001101011101001101 2
1501134112 8
1000000011001001011001011010 2
110001010100101111111001010110 2
1242775104 8
110111111100101100110111001001 2
62772042 10
3162066141 8
30845708 10
721388218 10
101000000101111011000000101100 2
100111101010011111011010100001 2
5406553610 8
8ECF5CA 16
2F5E044A 16
2570405236 8
1D219CCA 16
6240127032 8
257618415 10
2E43B78D 16
703650291 10
1010111001001111011000010011 2
101110111101101000000110011100 2
386749275 10
5435037625 8
5551253466 8
110101010011011011000101010100 2
101010001101000000011111100011 2
2545673500 8
2EC50F2F 16
162A5B3C 16
10111001101101001010101101101 2
100000101000100000001001001 2
2627432033 8
3236537460 8
11922FB6 16
2717670662 8
6334257217 8
1001001010111101111000110010 2
1B655F8B 16
10010101010001001101000000101 2
2676625373 8
28F1BCDA 16
897831642 10
286793863 10
828549524 10
3616621523 8
8780DAD 16
110101011000000011011011010001 2
10010110010010010000101000001 2
383549574 10
764356606 8
1155634540 8
1441215732 8
1000101110101101011000001001 2
101000011100110011000100110010 2
100101100100001001011100101001 2
2985F383 16
116497828 10
309901A4 16
2432EF6F 16
19D4E7A3 16
5721600155 8
3313341510 8
3553301434 8
1010011001010001110111101011 2
252C52E9 16
100000000110110000110000001111 2
2325665310 8
11111100001011011010111111111 2
458337602 10
110111100100001000000000011111 2
2742616611 8
101110101001110001110110100 2
10001111101111011011101111 2
34939030 10
99927EC 16
37783B64 16
623954492 10
341713671 10
575095499 10
421338676 10
1D10FA62 16
10110011111100000111010111000 2
100101101010011010100010011100 2
6522635132 8
436025270 8
14A9E34D 16
100100010100101000110001100000 2
150739103 10
751443851 10
1100010101001111010101110100 2
194471144 10
3851E0AC 16
5714152244 8
370DBDC6 16
11011100110011110011001111001 2
1626543137 8
E08725A 16
246773723 8
110110100100100101000111000110 2
19826925 16
343094691 10
11011010110010011001000100101 2
52420673 10
100010101110000101001010000 2
160098441 10
330752899 10
11010001001011001010111101100 2
26782604 16
982820956 10
226379517 10
E716E88 16
10010001011010100000100110000 2
98930670 10
222DC4E2 16
10010101010000101010100101011 2
177234614 8
415671162 10
110111001111011010111110010011 2
A007227 16
6724643672 8
2635293 16
5676712332 8
7045637663 8
101000011110100000101101110010 2
322152315 8
11110111000000001100100010110 2
5305030775 8
75531466 8
9BB9588 16
101100110111001011100011001100 2
1874450A 16
1001100011001100101010001110 2
195461DC 16
110110011110011001000001110011 2
6CF495B 16
11110000101001001011111101011 2
548164571 10
35BC1981 16
10000111100000111011000011001 2
241254851 10
3062A387 16
551366916 10
500452144 8
349F628 16
101001000011011110100101100110 2
254EB80F 16
5700224616 8
21744730 16
101011100001001101010011110011 2
46010346 10
10101111000100011110111100101 2
111011001101110010110000011010 2
930121876 10
1F23CF67 16
1A3B38AF 16
100011100001011010100000111000 2
101001001000011100100101010000 2
213015906 10
7055677454 8
575147127 8
100011001111011001101101011110 2