341512
244009
318140
437531
150129
357962
938112
548357
990089
90714
146283
151769
122551
386506
784638
518439
202047
63295
460327
132500
842825
577304
954830
173791
656464
437804
833689
581693
477150
747943
181704
532826
851773
27234
659434
71986
89769
260575
256300
940332
418033
170342
336285
580784
833528
660639
148428
352029
657479
304246
107239
211703
982141
610397
195341
429031
337078
673672
190993
136411
986432
476824
610045
300920
938889
340141
468523
559293
579075
130943
323583
110988
419717
711065
986338
734150
902773
854293
609052
145737
461978
595903
494983
851753
775967
710686
797967
877861
146910
305892
928212
892132
981223
749923
697163
152891
553717
716813
346956
51181
177290
813805
406565
525552
801437
439550
500643
959765
154320
716484
204383
875693
304999
427069
207934
422642
525718
354162
874392
607195
466768
848183
450410
509126
411758
100408
327030
852404
693361
321295
650419
956196
386761
42594
320310
737298
416130
733673
995572
167626
555939
934964
493186
642421
126259
25901
894978
856400
227003
386564
560802
842175
915750
115510
601202
298130
958359
775492
156791
280812
603132
941797
812442
290772
378123
598851
515983
736478
196872
344387
718299
884140
547809
167365
278946
589991
62552
206834
512602
525383
154257
204699
91476
444339
585137
151395
121104
905837
649876
69611
299766
564159
545385
765574
260082
406401
501023
908562
138952
824805
791114
455474
926909
553434
433705
336610
495765
921757
225873
303373
624283
769392
693996
351098
20996
523348
934216
797096
433002
90249
719069
506167
248746
576775
183256
552874
62588
319823
868975
233191
23541
544491
873109
563475
828262
540407
879661
719699
733623
773333
915944
780941
191036
756523
683952
748014
531987
569895
397479
390148
205600
583211
109715
731946
175253
892543
553916
59247
815296
588629
474268
562891
566641
77955
160657
452898
523962
797839
665150
623896
61180
232937
272837
238414
538159
556792
962533
144161
17940
22015
525967
367928
605192
886075
343745
250139
17068
519404
984340
14714
374733
313327
126057
580178
209346
358085
842407
797196
592474
140196